%YAML:1.0
---
K1: !!opencv-matrix
   rows: 3
   cols: 3
   dt: d
   data: [ 1.2359256542940591e+03, 0., 3.3368214558071753e+02, 0.,
       1.2377062059759323e+03, 2.2919406134062493e+02, 0., 0., 1. ]
K2: !!opencv-matrix
   rows: 3
   cols: 3
   dt: d
   data: [ 1.2433957796628399e+03, 0., 3.5423249658038213e+02, 0.,
       1.2449244353336346e+03, 2.6198622571672655e+02, 0., 0., 1. ]
D1: !!opencv-matrix
   rows: 1
   cols: 5
   dt: d
   data: [ -1.1218167996652556e-01, 1.6867387040707136e+00,
       -3.8111020939215535e-03, 2.4719865970109904e-03,
       -1.4855505361357343e+01 ]
D2: !!opencv-matrix
   rows: 1
   cols: 5
   dt: d
   data: [ -9.2800660132947882e-02, 2.0503187062416972e-01,
       -3.3320004312228490e-03, 2.6197038293227729e-03,
       1.6959454237990959e+00 ]
R: !!opencv-matrix
   rows: 3
   cols: 3
   dt: d
   data: [ 9.9996731162084262e-01, -1.6662126365433994e-03,
       -7.9119798555327917e-03, 1.6480935177722905e-03,
       9.9999600595265448e-01, -2.2960545497393041e-03,
       7.9157739698156229e-03, 2.2829398127249640e-03,
       9.9996606377830155e-01 ]
T: [ -5.8006443921523099e-02, -3.9592535404350399e-03,
    -3.9265238809710699e-03 ]
E: !!opencv-matrix
   rows: 3
   cols: 3
   dt: d
   data: [ -2.4869277559669518e-05, 3.9174694607126545e-03,
       -3.9681346913506953e-03, -3.4672296303941163e-03,
       1.3896764393120649e-04, 5.8035541979830747e-02,
       3.8635240746380459e-03, -5.8012809199320087e-02,
       1.0186042522534198e-04 ]
F: !!opencv-matrix
   rows: 3
   cols: 3
   dt: d
   data: [ 1.2760973716136749e-08, -2.0072480412397769e-06,
       2.9723054884446170e-03, 1.7769272509636771e-06,
       -7.1117341802816167e-08, -3.7336454120339931e-02,
       -2.9350322716921329e-03, 3.7689387306333554e-02, 1. ]
R1: !!opencv-matrix
   rows: 3
   cols: 3
   dt: d
   data: [ 9.9602413669320544e-01, 6.6437194708988734e-02,
       5.9346594542184890e-02, -6.6375570983817758e-02,
       9.9779016622472627e-01, -3.0112724561424838e-03,
       -5.9415508927608648e-02, -9.3986405020531679e-04,
       9.9823289564832518e-01 ]
R2: !!opencv-matrix
   rows: 3
   cols: 3
   dt: d
   data: [ 9.9541133072470356e-01, 6.7942207260504109e-02,
       6.7380554594374933e-02, -6.8012106730554134e-02,
       9.9768370190110822e-01, -1.2586893867408001e-03,
       -6.7309999279056246e-02, -3.3297797932118553e-03,
       9.9772655400344135e-01 ]
P1: !!opencv-matrix
   rows: 3
   cols: 4
   dt: d
   data: [ 1.2232043244244126e+03, 0., 2.6221077346801758e+02, 0., 0.,
       1.2232043244244126e+03, 2.4569461631774902e+02, 0., 0., 0., 1.,
       0. ]
P2: !!opencv-matrix
   rows: 3
   cols: 4
   dt: d
   data: [ 1.2232043244244126e+03, 0., 2.6221077346801758e+02,
       -7.1280817144839787e+01, 0., 1.2232043244244126e+03,
       2.4569461631774902e+02, 0., 0., 0., 1., 0. ]
Q: !!opencv-matrix
   rows: 4
   cols: 4
   dt: d
   data: [ 1., 0., 0., -2.6221077346801758e+02, 0., 1., 0.,
       -2.4569461631774902e+02, 0., 0., 0., 1.2232043244244126e+03, 0.,
       0., 1.7160357771136518e+01, 0. ]
