%YAML:1.0
---
K1: !!opencv-matrix
   rows: 3
   cols: 3
   dt: d
   data: [ 2.4562999309802617e+03, 0., 9.1813468134526863e+02, 0.,
       2.4578476018000729e+03, 5.2557232078759102e+02, 0., 0., 1. ]
K2: !!opencv-matrix
   rows: 3
   cols: 3
   dt: d
   data: [ 2.4715344479865362e+03, 0., 9.8240486712047164e+02, 0.,
       2.4739361162197520e+03, 5.3832759496346114e+02, 0., 0., 1. ]
D1: !!opencv-matrix
   rows: 1
   cols: 5
   dt: d
   data: [ -6.3548488254543456e-02, -4.2703502081112305e-01,
       -1.7595736899342451e-03, -3.2517022141205099e-03,
       2.9996877640633652e+00 ]
D2: !!opencv-matrix
   rows: 1
   cols: 5
   dt: d
   data: [ -7.1141943832523258e-02, -2.6388026030895578e-01,
       -5.5524427595054354e-05, -2.9909867197629664e-03,
       1.8071415701393738e+00 ]
R: !!opencv-matrix
   rows: 3
   cols: 3
   dt: d
   data: [ 9.9996454233027277e-01, 5.0245399412416226e-04,
       -8.4060467636079949e-03, -5.7948252219536646e-04,
       9.9995784596176740e-01, -9.1635418648459126e-03,
       8.4010881565810182e-03, 9.1680881041852052e-03,
       9.9992268095003189e-01 ]
T: [ -6.8298008309240307e-02, -8.5402276297596958e-04,
    1.6182902290466533e-03 ]
E: !!opencv-matrix
   rows: 3
   cols: 3
   dt: d
   data: [ -6.2369496159159438e-06, -1.6260517675124101e-03,
       -8.3912746048394509e-04, 2.1920104369710196e-03,
       6.2697527390872490e-04, 6.8279124148780665e-02,
       8.9356998343485914e-04, -6.8294700165238503e-02,
       6.1867270314455583e-04 ]
F: !!opencv-matrix
   rows: 3
   cols: 3
   dt: d
   data: [ -2.3738701070207949e-09, -6.1850829535313217e-07,
       -4.5725161010833954e-04, 8.3349984001445302e-07,
       2.3825375932957243e-07, 6.2881838844943486e-02,
       3.9421788500529223e-04, -6.3725038894257124e-02,
       9.9999999999999989e-01 ]
R1: !!opencv-matrix
   rows: 3
   cols: 3
   dt: d
   data: [ 9.9939962090834500e-01, 1.2784463989133316e-02,
       -3.2201788906315136e-02, -1.2931182398567387e-02,
       9.9990691762251438e-01, -4.3520813890888599e-03,
       3.2143152459447863e-02, 4.7658756963253959e-03,
       9.9947191265128388e-01 ]
R2: !!opencv-matrix
   rows: 3
   cols: 3
   dt: d
   data: [ 9.9964129787507361e-01, 1.2499872900110618e-02,
       -2.3686045683472608e-02, -1.2391732864785465e-02,
       9.9991214138227935e-01, 4.7068538231527027e-03,
       2.3742799734788395e-02, -4.4116543139519210e-03,
       9.9970836585824752e-01 ]
P1: !!opencv-matrix
   rows: 3
   cols: 4
   dt: d
   data: [ 2.4264799019093439e+03, 0., 1.0254130554199219e+03, 0., 0.,
       2.4264799019093439e+03, 5.3108261108398438e+02, 0., 0., 0., 1.,
       0. ]
P2: !!opencv-matrix
   rows: 3
   cols: 4
   dt: d
   data: [ 2.4264799019093439e+03, 0., 1.0254130554199219e+03,
       -1.6578321129297692e+02, 0., 2.4264799019093439e+03,
       5.3108261108398438e+02, 0., 0., 0., 1., 0. ]
Q: !!opencv-matrix
   rows: 4
   cols: 4
   dt: d
   data: [ 1., 0., 0., -1.0254130554199219e+03, 0., 1., 0.,
       -5.3108261108398438e+02, 0., 0., 0., 2.4264799019093439e+03, 0.,
       0., 1.4636463384830916e+01, 0. ]
