%YAML:1.0
---
K1: !!opencv-matrix
   rows: 3
   cols: 3
   dt: d
   data: [ 2.4491856284430296e+03, 0., 9.1461009541448743e+02, 0.,
       2.4482055520876856e+03, 5.1318294197551313e+02, 0., 0., 1. ]
K2: !!opencv-matrix
   rows: 3
   cols: 3
   dt: d
   data: [ 2.4416716193258062e+03, 0., 9.8949572281090138e+02, 0.,
       2.4422080609181617e+03, 5.2369791640352730e+02, 0., 0., 1. ]
D1: !!opencv-matrix
   rows: 1
   cols: 5
   dt: d
   data: [ -1.2042272578175556e-01, 5.8535545978917902e-01,
       -3.6121628719321809e-03, -9.0535005102826481e-04,
       -3.8936316389628454e+00 ]
D2: !!opencv-matrix
   rows: 1
   cols: 5
   dt: d
   data: [ -1.0544586706599250e-01, 1.0672327254459810e-01,
       -3.3255539417472368e-03, -1.6482519052588511e-03,
       -2.4395234623277096e-01 ]
R: !!opencv-matrix
   rows: 3
   cols: 3
   dt: d
   data: [ 9.9992978942975308e-01, 3.9652384180114563e-04,
       -1.1843098404236547e-02, -4.6046589417765815e-04,
       9.9998533083114305e-01, -5.3968596136795286e-03,
       1.1840784692318584e-02, 5.4019340399850532e-03,
       9.9991530387653216e-01 ]
T: [ -6.7757519019321991e-02, -8.5267696080082954e-04,
    -1.2852513449866850e-02 ]
E: !!opencv-matrix
   rows: 3
   cols: 3
   dt: d
   data: [ -1.6014508403066512e-05, 1.2847718809477156e-02,
       -9.2196795313953875e-04, -1.2049308873574955e-02,
       3.6092532044546802e-04, 6.7903993801653795e-02,
       8.8381712044766710e-04, -6.7756186966089857e-02,
       3.5557948076471181e-04 ]
F: !!opencv-matrix
   rows: 3
   cols: 3
   dt: d
   data: [ -1.4782110234897693e-08, 1.1863768720776073e-05,
       -8.1590644647735484e-03, -1.1119610042495663e-05,
       3.3321043566034646e-07, 1.6347651218041889e-01,
       7.8298661881892467e-03, -1.6468181492163567e-01, 1. ]
R1: !!opencv-matrix
   rows: 3
   cols: 3
   dt: d
   data: [ 9.8453808811742127e-01, 1.3758836080185934e-02,
       1.7462945764048932e-01, -1.3297668412635334e-02,
       9.9990432075357638e-01, -3.8106893230618185e-03,
       -1.7466517987532737e-01, 1.4296041577551743e-03,
       9.8462684869501282e-01 ]
R2: !!opencv-matrix
   rows: 3
   cols: 3
   dt: d
   data: [ 9.8240626499225492e-01, 1.2362837371102935e-02,
       1.8634669505012183e-01, -1.2855118504414030e-02,
       9.9991634186633838e-01, 1.4335957859658323e-03,
       -1.8631338232184211e-01, -3.8038823293745526e-03,
       9.8248300445708447e-01 ]
P1: !!opencv-matrix
   rows: 3
   cols: 4
   dt: d
   data: [ 2.3885304766865033e+03, 0., 4.3166835021972656e+02, 0., 0.,
       2.3885304766865033e+03, 5.1755470275878906e+02, 0., 0., 0., 1.,
       0. ]
P2: !!opencv-matrix
   rows: 3
   cols: 4
   dt: d
   data: [ 2.3885304766865033e+03, 0., 4.3166835021972656e+02,
       -1.6473927841206498e+02, 0., 2.3885304766865033e+03,
       5.1755470275878906e+02, 0., 0., 0., 1., 0. ]
Q: !!opencv-matrix
   rows: 4
   cols: 4
   dt: d
   data: [ 1., 0., 0., -4.3166835021972656e+02, 0., 1., 0.,
       -5.1755470275878906e+02, 0., 0., 0., 2.3885304766865033e+03, 0.,
       0., 1.4498852366659237e+01, 0. ]
