%YAML:1.0
---
K1: !!opencv-matrix
   rows: 3
   cols: 3
   dt: d
   data: [ 4.0307820229465756e+02, 0., 3.4038629958674977e+02, 0.,
       4.0312566226039161e+02, 2.4014250819827333e+02, 0., 0., 1. ]
K2: !!opencv-matrix
   rows: 3
   cols: 3
   dt: d
   data: [ 4.0364487664956818e+02, 0., 3.4776672194778831e+02, 0.,
       4.0370281817014393e+02, 2.2016468991893569e+02, 0., 0., 1. ]
D1: !!opencv-matrix
   rows: 1
   cols: 5
   dt: d
   data: [ -2.5309417196929507e-01, 7.7467110403839010e-02,
       -4.8789563787256137e-04, 3.1958927524765768e-04,
       -6.9540985147585289e-03 ]
D2: !!opencv-matrix
   rows: 1
   cols: 5
   dt: d
   data: [ -2.4900051027406928e-01, 6.9751562477762513e-02,
       -1.2168658248234601e-03, -2.9377688229548330e-04,
       -4.4908868117303075e-03 ]
R: !!opencv-matrix
   rows: 3
   cols: 3
   dt: d
   data: [ 9.9984378416431186e-01, -6.1914929722805395e-04,
       1.7664198881827037e-02, 5.0773393542208713e-04,
       9.9997995528835848e-01, 6.3111985980040964e-03,
       -1.7667752382230697e-02, -6.3012439756265654e-03,
       9.9982405694708099e-01 ]
T: [ -6.8820705516179956e-02, 2.9241292605678803e-03,
    1.9023005795220107e-03 ]
E: !!opencv-matrix
   rows: 3
   cols: 3
   dt: d
   data: [ -5.2628654268945084e-05, -1.9206881003425453e-03,
       2.9116089835881844e-03, 6.8609622621696505e-04,
       -4.3483386409912648e-04, 6.8842199606917093e-02,
       -2.9586150729220351e-03, -6.8817515552406228e-02,
       -4.8599354098220857e-04 ]
F: !!opencv-matrix
   rows: 3
   cols: 3
   dt: d
   data: [ -1.5364906325033510e-07, -5.6067780565335988e-06,
       4.8250623025748486e-03, 2.0027666254856193e-06,
       -1.2691634056587458e-06, 8.0623876589944743e-02,
       -3.8740517642095059e-03, -7.8858418848233358e-02, 1. ]
R1: !!opencv-matrix
   rows: 3
   cols: 3
   dt: d
   data: [ 9.9902795959581614e-01, -4.2878164422286931e-02,
       -1.0227363374581489e-02, 4.2912127931989369e-02,
       9.9907396384632863e-01, 3.1247465070595474e-03,
       1.0083909071832221e-02, -3.5605870527388363e-03,
       9.9994281686387998e-01 ]
R2: !!opencv-matrix
   rows: 3
   cols: 3
   dt: d
   data: [ 9.9871778541291523e-01, -4.2434611465714110e-02,
       -2.7605956778854135e-02, 4.2342044579225170e-02,
       9.9909544653618143e-01, -3.9293729167678634e-03,
       2.7747727128054740e-02, 2.7554419649134833e-03,
       9.9961115999112626e-01 ]
P1: !!opencv-matrix
   rows: 3
   cols: 4
   dt: d
   data: [ 3.0267294662818716e+02, 0., 3.6074559020996094e+02, 0., 0.,
       3.0267294662818716e+02, 2.2959483146667480e+02, 0., 0., 0., 1.,
       0. ]
P2: !!opencv-matrix
   rows: 3
   cols: 4
   dt: d
   data: [ 3.0267294662818716e+02, 0., 3.6074559020996094e+02,
       -2.0856908760266833e+01, 0., 3.0267294662818716e+02,
       2.2959483146667480e+02, 0., 0., 0., 1., 0. ]
Q: !!opencv-matrix
   rows: 4
   cols: 4
   dt: d
   data: [ 1., 0., 0., -3.6074559020996094e+02, 0., 1., 0.,
       -2.2959483146667480e+02, 0., 0., 0., 3.0267294662818716e+02, 0.,
       0., 1.4511879497923974e+01, 0. ]
