%YAML:1.0
---
K1: !!opencv-matrix
   rows: 3
   cols: 3
   dt: d
   data: [ 1.2276562503401994e+03, 0., 2.9049358564933823e+02, 0.,
       1.2303722801294882e+03, 2.5928778887911648e+02, 0., 0., 1. ]
K2: !!opencv-matrix
   rows: 3
   cols: 3
   dt: d
   data: [ 1.2321776788823397e+03, 0., 3.1053619032777959e+02, 0.,
       1.2361028785384703e+03, 2.8604425110081036e+02, 0., 0., 1. ]
D1: !!opencv-matrix
   rows: 1
   cols: 5
   dt: d
   data: [ -5.5912664687885569e-02, -2.2031704157120066e-02,
       3.4645085956239129e-03, -7.5681644713417439e-03,
       6.2828549823791213e-02 ]
D2: !!opencv-matrix
   rows: 1
   cols: 5
   dt: d
   data: [ -6.4408347312522832e-02, 4.3014749234103233e-01,
       3.8822503655396141e-03, -7.3297768851134067e-03,
       -1.2597561369265970e+01 ]
R: !!opencv-matrix
   rows: 3
   cols: 3
   dt: d
   data: [ 9.9999572972492434e-01, -1.4060977566078643e-03,
       -2.5619174488940434e-03, 1.3916397823315577e-03,
       9.9998314652364129e-01, -5.6364889243232432e-03,
       2.5697997261105014e-03, 5.6328995887241547e-03,
       9.9998083310211061e-01 ]
T: [ -6.7627383399921179e-02, 1.9537733477823857e-04,
    -2.8309519943597165e-03 ]
E: !!opencv-matrix
   rows: 3
   cols: 3
   dt: d
   data: [ 4.4417460386231618e-06, 2.8320048238859251e-03,
       1.7941696043931364e-04, -2.6571510740772872e-03,
       3.8491885538824048e-04, 6.7633339858080357e-02,
       -2.8948945757759461e-04, -6.7625968923781726e-02,
       3.8168153811770408e-04 ]
F: !!opencv-matrix
   rows: 3
   cols: 3
   dt: d
   data: [ -3.0254481115931430e-09, -1.9247317712398252e-06,
       3.4990895747915359e-04, 1.8041429760126600e-06,
       -2.6077390565261644e-07, -5.6832224594266394e-02,
       -2.7216113362676475e-04, 5.7304443652742967e-02, 1. ]
R1: !!opencv-matrix
   rows: 3
   cols: 3
   dt: d
   data: [ 9.9922001103090885e-01, -4.0557081983003881e-03,
       3.9280030376781683e-02, 4.1670013635081715e-03,
       9.9998753157915665e-01, -2.7518695212264718e-03,
       -3.9268379837054300e-02, 2.9134030334942236e-03,
       9.9922445247688829e-01 ]
R2: !!opencv-matrix
   rows: 3
   cols: 3
   dt: d
   data: [ 9.9912081461358460e-01, -2.8864869830362897e-03,
       4.1824227414069229e-02, 2.7679534070260011e-03,
       9.9999198815988211e-01, 2.8917209378769774e-03,
       -4.1832239239891884e-02, -2.7734110663198063e-03,
       9.9912079947883858e-01 ]
P1: !!opencv-matrix
   rows: 3
   cols: 4
   dt: d
   data: [ 1.2231012886624826e+03, 0., 2.4419236183166504e+02, 0., 0.,
       1.2231012886624826e+03, 2.7468726921081543e+02, 0., 0., 0., 1.,
       0. ]
P2: !!opencv-matrix
   rows: 3
   cols: 4
   dt: d
   data: [ 1.2231012886624826e+03, 0., 2.4419236183166504e+02,
       -8.2787925719779835e+01, 0., 1.2231012886624826e+03,
       2.7468726921081543e+02, 0., 0., 0., 1., 0. ]
Q: !!opencv-matrix
   rows: 4
   cols: 4
   dt: d
   data: [ 1., 0., 0., -2.4419236183166504e+02, 0., 1., 0.,
       -2.7468726921081543e+02, 0., 0., 0., 1.2231012886624826e+03, 0.,
       0., 1.4773909093971382e+01, 0. ]
